45 45
1 2 0
1 4 0
1 7 3
1 10 3
1 12 2
1 13 2
1 14 2
1 16 3
1 18 1
1 20 2
1 21 2
1 25 3
1 28 1
1 33 2
1 37 3
1 38 1
1 39 0
1 41 2
1 42 2
2 3 3
2 4 2
2 6 3
2 7 1
2 11 2
2 13 3
2 14 2
2 15 2
2 16 2
2 18 1
2 20 2
2 22 0
2 23 3
2 25 1
2 27 2
2 28 2
2 30 0
2 32 2
2 33 2
2 34 2
2 35 2
2 37 1
2 40 2
2 43 0
3 1 2
3 2 1
3 5 2
3 9 2
3 10 2
3 13 2
3 16 2
3 18 1
3 20 2
3 21 1
3 23 2
3 24 1
3 26 0
3 29 1
3 32 1
3 34 3
3 37 2
3 39 2
4 1 2
4 2 2
4 7 1
4 13 3
4 14 2
4 18 1
4 19 2
4 20 2
4 21 2
4 22 3
4 23 0
4 24 0
4 27 3
4 32 3
4 35 1
4 37 2
4 39 1
4 41 2
5 2 3
5 4 1
5 7 2
5 9 3
5 12 1
5 13 2
5 18 2
5 20 3
5 25 2
5 27 3
5 28 2
5 31 2
5 33 0
5 34 0
5 35 2
5 39 1
5 40 3
5 41 3
5 43 2
6 1 2
6 6 1
6 8 1
6 9 2
6 11 2
6 13 3
6 15 2
6 16 0
6 18 2
6 22 2
6 27 1
6 29 2
6 30 3
6 31 3
6 34 1
6 36 2
6 39 1
6 41 1
6 42 0
6 43 1
7 1 1
7 2 0
7 5 3
7 6 0
7 8 3
7 11 2
7 14 2
7 18 1
7 21 2
7 25 2
7 33 3
7 34 3
7 37 2
7 39 0
7 40 2
7 41 1
8 1 2
8 2 0
8 4 1
8 6 2
8 7 0
8 11 3
8 12 3
8 14 3
8 19 3
8 21 2
8 23 2
8 26 2
8 27 3
8 29 3
8 30 2
8 34 1
8 35 0
8 42 3
9 2 1
9 5 0
9 7 2
9 9 1
9 11 0
9 16 3
9 17 2
9 18 2
9 19 2
9 20 2
9 24 2
9 26 2
9 27 2
9 28 1
9 29 2
9 30 3
9 33 1
9 38 2
9 39 2
10 6 0
10 10 1
10 12 0
10 16 2
10 18 2
10 20 2
10 21 2
10 23 2
10 27 2
10 29 2
10 33 1
10 35 2
10 36 2
10 37 3
10 41 3
11 1 3
11 2 2
11 3 3
11 8 3
11 12 3
11 15 2
11 16 3
11 17 2
11 18 3
11 20 2
11 22 3
11 23 2
11 24 3
11 27 2
11 33 0
11 34 3
11 38 1
11 42 1
12 4 3
12 6 2
12 7 2
12 8 3
12 11 1
12 12 1
12 13 0
12 16 3
12 19 1
12 20 3
12 23 0
12 25 0
12 27 2
12 28 2
12 30 3
12 31 2
12 34 3
12 36 1
12 39 2
12 40 2
12 41 2
12 43 1
13 1 2
13 2 1
13 5 0
13 6 0
13 8 2
13 10 2
13 12 2
13 14 3
13 15 1
13 17 2
13 18 3
13 21 0
13 25 2
13 29 3
13 35 3
13 37 2
13 38 2
13 39 3
13 42 2
14 9 2
14 10 2
14 13 3
14 15 3
14 20 3
14 21 2
14 23 2
14 24 2
14 33 3
14 36 1
14 39 3
14 41 3
15 1 1
15 2 1
15 3 2
15 4 1
15 6 2
15 9 3
15 18 2
15 19 2
15 21 2
15 25 1
15 26 3
15 27 2
15 30 3
15 34 3
15 36 2
15 40 2
15 41 2
15 43 3
16 1 0
16 3 3
16 4 2
16 7 2
16 8 0
16 9 2
16 12 2
16 13 2
16 16 2
16 20 3
16 21 0
16 25 2
16 29 0
16 30 3
16 33 3
16 38 3
16 41 2
16 42 1
17 2 3
17 4 2
17 6 2
17 10 3
17 13 1
17 15 2
17 17 2
17 18 2
17 19 2
17 23 2
17 26 0
17 31 2
17 36 1
17 37 0
17 38 2
18 1 1
18 2 3
18 4 1
18 7 2
18 15 2
18 17 3
18 19 2
18 21 2
18 24 2
18 28 2
18 29 3
18 30 2
18 31 2
18 33 2
18 34 1
18 36 0
18 38 3
18 39 2
18 41 2
18 42 3
19 4 2
19 5 3
19 6 2
19 7 2
19 9 3
19 12 1
19 13 2
19 15 3
19 20 3
19 21 1
19 24 0
19 25 0
19 28 0
19 34 2
19 36 1
19 39 2
20 2 3
20 7 2
20 14 1
20 17 2
20 22 1
20 24 2
20 26 3
20 28 1
20 31 3
20 32 3
20 36 2
20 37 2
20 39 3
20 41 2
20 43 2
21 2 3
21 4 3
21 6 2
21 7 1
21 9 0
21 10 2
21 11 3
21 12 3
21 13 2
21 14 3
21 16 1
21 17 3
21 18 2
21 19 0
21 21 3
21 27 1
21 28 2
21 39 1
21 43 1
22 2 2
22 3 2
22 4 2
22 8 0
22 11 2
22 13 3
22 18 3
22 21 2
22 24 3
22 25 2
22 28 3
22 31 3
22 33 2
22 34 1
22 35 3
22 37 0
22 38 2
22 41 2
22 42 3
23 2 2
23 4 3
23 8 3
23 14 1
23 15 2
23 18 2
23 19 2
23 23 3
23 25 3
23 28 2
23 34 0
23 35 2
23 36 3
23 39 2
23 42 1
24 4 1
24 13 2
24 14 2
24 18 2
24 21 3
24 22 1
24 27 3
24 29 1
24 30 2
24 32 3
24 37 2
24 41 3
24 43 2
25 2 1
25 4 2
25 6 2
25 9 3
25 11 2
25 17 3
25 22 0
25 23 1
25 24 3
25 29 2
25 30 3
25 32 3
25 33 2
25 34 1
25 35 2
25 37 2
25 38 0
25 40 2
25 42 3
26 2 2
26 4 1
26 5 1
26 6 2
26 11 0
26 14 2
26 15 1
26 18 1
26 20 2
26 21 3
26 26 3
26 27 2
26 32 2
26 35 3
26 37 3
26 40 2
26 43 1
27 2 3
27 5 1
27 8 3
27 10 2
27 11 2
27 12 3
27 13 1
27 14 2
27 22 0
27 24 2
27 25 2
27 27 2
27 28 2
27 32 3
27 36 1
27 39 1
27 41 2
27 42 3
27 43 2
28 1 3
28 7 2
28 11 3
28 14 3
28 16 1
28 17 2
28 20 2
28 21 3
28 24 1
28 25 2
28 27 3
28 29 2
28 33 1
28 36 2
28 37 2
28 38 3
28 41 0
28 43 2
29 4 3
29 7 3
29 9 3
29 16 1
29 17 0
29 19 0
29 20 2
29 23 1
29 27 2
29 28 1
29 31 2
29 32 3
29 35 2
29 41 2
29 43 1
30 2 3
30 4 1
30 6 3
30 7 2
30 8 3
30 9 2
30 10 2
30 14 2
30 15 3
30 16 1
30 18 3
30 19 2
30 20 3
30 21 2
30 22 3
30 23 2
30 25 3
30 27 3
30 30 3
30 33 0
30 35 3
30 37 2
30 40 2
30 43 3
31 1 0
31 3 2
31 4 0
31 5 0
31 6 2
31 8 2
31 9 1
31 11 2
31 17 2
31 18 2
31 25 2
31 26 2
31 27 2
31 28 1
31 31 3
31 32 3
31 36 3
31 37 2
31 38 2
31 41 2
32 3 2
32 13 1
32 18 2
32 20 2
32 22 2
32 24 2
32 25 1
32 29 3
32 32 1
32 34 2
32 37 0
32 39 2
32 41 3
33 1 3
33 2 0
33 4 2
33 5 0
33 7 2
33 11 1
33 12 2
33 15 3
33 17 3
33 18 3
33 19 2
33 20 2
33 21 2
33 27 2
33 28 2
33 29 2
33 30 2
33 31 1
33 34 3
33 39 3
33 40 2
33 42 2
34 1 2
34 3 1
34 5 2
34 6 2
34 7 2
34 11 2
34 13 3
34 14 0
34 15 3
34 19 2
34 25 2
34 26 2
34 27 2
34 28 2
34 30 2
34 34 2
34 35 3
34 36 2
34 38 0
34 40 1
35 5 2
35 9 2
35 11 2
35 17 2
35 18 2
35 23 1
35 24 1
35 26 3
35 28 3
35 30 2
35 31 2
35 33 3
35 34 2
35 35 1
35 39 3
35 41 0
35 43 3
36 1 3
36 3 1
36 5 3
36 6 3
36 7 3
36 13 3
36 17 2
36 18 3
36 19 2
36 22 2
36 23 2
36 25 2
36 29 2
36 38 3
36 41 1
36 42 0
37 4 2
37 8 3
37 10 1
37 14 1
37 15 2
37 16 1
37 17 2
37 21 3
37 22 1
37 24 1
37 27 3
37 30 0
37 31 1
37 33 2
37 34 1
37 35 2
37 36 2
37 38 2
37 39 1
37 42 2
38 1 0
38 2 2
38 4 2
38 7 2
38 9 1
38 10 2
38 12 2
38 16 1
38 17 2
38 22 0
38 23 1
38 25 1
38 26 1
38 29 3
38 31 3
38 36 2
38 41 1
38 43 2
39 5 2
39 6 3
39 8 3
39 9 3
39 15 2
39 17 2
39 18 2
39 20 1
39 21 2
39 25 2
39 26 2
39 27 0
39 29 2
39 30 0
39 33 1
39 36 2
39 41 1
40 1 0
40 4 0
40 6 1
40 7 1
40 11 3
40 12 0
40 14 3
40 15 2
40 17 2
40 23 3
40 25 0
40 27 2
40 29 2
40 30 1
40 31 1
40 32 2
40 36 3
40 38 2
40 39 3
40 41 0
41 3 0
41 5 3
41 9 0
41 12 1
41 13 1
41 14 2
41 15 3
41 17 2
41 18 2
41 20 3
41 22 0
41 23 2
41 24 3
41 26 0
41 30 2
41 33 3
41 35 3
41 36 2
41 37 2
41 38 1
41 39 2
41 40 0
41 42 2
41 43 0
42 1 1
42 2 3
42 7 2
42 8 2
42 11 1
42 18 2
42 20 3
42 27 2
42 28 0
42 30 2
42 32 3
42 34 0
42 37 2
42 42 2
43 1 2
43 4 1
43 6 0
43 7 2
43 10 2
43 11 1
43 13 1
43 15 3
43 32 1
43 34 2
43 37 2
43 38 2
43 39 1
43 40 2
43 41 1
